12
25
26
25
19
8
10
11
13
4
13
29
27
12
25
2
22
23
13
22
29
3
29
14
9
28
2
31
29
25
22
29
3
22
24
1
1
10
22
11
17
11
21
20
28
5
2
5
20
16
7
24
5
1
19
13
19
12
5
8
27
19
16
14
4
20
27
3
22
6
27
13
15
31
12
9
23
11
27
7
27
7
20
29
1
6
13
21
31
6
16
30
20
2
30
28
7
30
28
27
19
16
22
3
30
8
2
3
16
22
15
31
16
18
17
8
3
24
14
10
14
24
4
5
6
10
26
5
3
19
19
14
19
9
27
22
1
14
13
15
15
13
15
23
21
9
16
11
5
25
18
23
13
3
6
3
24
2
2
25
28
10
23
14
30
15
26
31
29
25
1
9
15
17
17
26
29
19
20
18
31
26
2
22
11
5
4
4
14
2
22
21
21
17
18
2
11
6
1
8
5
20
20
7
25
7
28
30
16
7
31
21
23
14
5
14
1
25
7
12
7
21
27
25
22
1
12
30
19
5
27
30
26
17
6
13
8
20
31
12
2
23
5
2
27
8
2
22
31
22
9
11
8
4
30
31
20
25
23
1
24
24
15
13
27
18
22
31
4
29
28
6
26
22
26
24
11
8
7
12
29
20
26
4
9
30
31
11
10
31
24
26
15
30
5
24
17
8
15
1
12
19
29
1
17
6
28
29
11
31
9
8
4
30
10
19
5
1
15
26
26
30
25
17
27
5
30
7
31
14
16
13
26
14
1
17
1
20
27
28
19
28
23
6
3
13
27
16
3
25
9
22
19
1
14
28
16
11
8
18
15
22
2
29
2
30
26
20
26
14
13
27
14
6
24
4
30
20
30
31
4
11
29
20
26
23
31
6
15
20
31
18
19
1
30
27
25
10
18
29
21
27
3
3
28
1
24
23
13
29
24
16
9
6
5
8
15
19
24
11
3
10
8
11
29
2
24
27
1
25
15
31
27
1
17
17
19
9
11
28
24
6
22
9
16
4
12
8
10
5
15
18
24
27
5
20
18
9
21
18
27
11
9
14
2
22
24
8
8
31
29
6
17
8
30
31
31
14
19
2
27
10
6
16
24
29
22
15
18
30
7
7
20
4
3
28
23
27
13
15
2
14
2
27
30
18
22
12
10
14
6
11
29
24
10
24
5
10
20
16
8
13
14
29
6
30
27
6
12
7
4
18
28
15
10
31
3
23
2
17
6
6
25
6
13
16
29
16
27
30
17
16
5
30
8
14
24
20
8
15
3
10
31
1
25
4
10
14
5
26
2
5
22
15
15
2
25
16
27
31
29
11
16
7
19
24
22
19
3
14
26
24
17
30
15
17
23
10
6
21
16
19
10
10
4
8
22
2
10
31
7
10
13
9
11
4
18
27
31
5
30
15
12
24
31
15
26
15
3
9
16
10
2
19
25
4
30
27
28
18
20
18
14
4
13
8
10
5
22
17
15
9
3
29
23
31
5
23
18
1
15
9
26
31
19
2
16
1
7
26
29
28
29
5
27
17
1
26
19
15
16
24
14
19
15
4
10
31
1
31
13
5
14
1
8
11
15
8
25
8
6
3
16
30
8
13
12
20
25
20
10
9
26
18
1
5
2
3
17
3
3
14
22
12
13
29
13
22
20
16
29
22
10
26
1
13
8
18
28
1
3
27
12
3
15
30
1
30
19
15
30
15
9
26
30
26
27
18
31
14
14
11
12
8
19
10
8
22
1
5
6
1
7
18
26
10
1
26
23
22
10
11
19
1
3
8
31
28
18
5
12
3
14
9
22
7
21
10
31
23
20
8
23
27
8
31
25
31
25
15
23
5
19
28
17
20
8
5
20
10
29
3
27
9
15
10
15
2
25
23
24
10
25
4
16
18
5
1
24
31
2
18
3
16
30
22
7
31
30
8
25
24
12
1
27
11
10
24
15
6
2
18
2
13
31
12
23
22
24
17
20
13
7
4
30
7
8
7
26
11
8
8
21
24
9
26
6
5
17
4
5
23
15
26
26
13
3
30
24
21
4
29
15
13
19
18
14
14
9
9
3
8
14
22
7
26
14
14
26
25
7
17
12
26
14
28
23
9
3
12
2
8
7
10
4
7
28
28
3
13
20
7
13
16
21
11
17
19
28
27
19
2
15
20
10
21
10
11
8
15
9
6
31
3
6
31
6
26
4
7
18
17
24
29
25
3
15
27
9
2
11
27
25
17
21
14
23
6
10
3
21
9
20
2
6
6
11
29
16
8
